         ps       /dss_tb/FSK_OUT    
          delta                      
          0  +0          UUUUUUUU 
          0  +3          00000000 
       5000  +5          00000100 
       7000  +5          00001000 
       9000  +5          00001100 
      11000  +5          00001110 
      13000  +5          00001111 
      17000  +5          00001101 
      19000  +5          00001010 
      21000  +5          00000111 
      23000  +5          00000100 
      25000  +5          00000000 
      27000  +5          00000011 
      29000  +5          00000111 
      31000  +5          00001010 
      33000  +5          00001100 
      35000  +5          00001110 
      37000  +5          00001111 
      41000  +5          00001110 
      43000  +5          00001011 
      45000  +5          00001000 
      47000  +5          00000101 
      49000  +5          00000001 
      51000  +5          00000011 
      53000  +5          00000110 
      55000  +5          00001010 
      57000  +5          00001100 
      59000  +5          00001110 
      61000  +5          00001111 
      67000  +5          00001110 
      69000  +5          00001011 
      71000  +5          00001001 
      73000  +5          00000111 
      75000  +5          00000010 
      77000  +5          00000001 
      79000  +5          00000110 
      81000  +5          00001000 
      83000  +5          00001100 
      85000  +5          00001110 
      87000  +5          00001111 
      91000  +5          00001110 
      93000  +5          00001101 
      95000  +5          00001010 
      97000  +5          00000111 
      99000  +5          00000100 
     101000  +5          00000000 
     103000  +5          00000100 
     105000  +5          00001000 
     107000  +5          00001100 
     109000  +5          00001110 
     111000  +5          00001111 
     115000  +5          00001110 
     117000  +5          00001011 
     119000  +5          00001001 
     121000  +5          00000101 
     123000  +5          00000001 
     127000  +5          00000110 
     129000  +5          00001010 
     131000  +5          00001101 
     133000  +5          00001110 
     135000  +5          00001111 
     139000  +5          00001110 
     141000  +5          00001101 
     143000  +5          00001010 
     145000  +5          00000111 
     147000  +5          00000010 
     149000  +5          00000000 
     151000  +5          00000100 
     153000  +5          00001000 
     155000  +5          00001100 
     157000  +5          00001101 
     159000  +5          00001111 
     163000  +5          00001110 
     165000  +5          00001101 
     167000  +5          00001010 
     169000  +5          00001000 
     171000  +5          00000101 
     173000  +5          00000001 
     177000  +5          00000110 
     179000  +5          00001000 
     181000  +5          00001011 
     183000  +5          00001101 
     185000  +5          00001110 
     187000  +5          00001111 
     191000  +5          00001110 
     193000  +5          00001100 
     195000  +5          00001010 
     197000  +5          00000111 
     199000  +5          00000010 
     201000  +5          00000001 
     203000  +5          00000100 
     205000  +5          00001000 
     207000  +5          00001011 
     209000  +5          00001101 
     211000  +5          00001111 
     215000  +5          00001110 
     217000  +5          00001100 
     219000  +5          00001010 
     221000  +5          00001000 
     223000  +5          00000101 
     225000  +5          00000010 
     227000  +5          00000001 
     229000  +5          00000110 
     231000  +5          00001000 
     233000  +5          00001011 
     235000  +5          00001101 
     237000  +5          00001110 
     239000  +5          00001111 
     243000  +5          00001110 
     245000  +5          00001101 
     247000  +5          00001011 
     249000  +5          00001000 
     251000  +5          00000100 
     253000  +5          00000001 
     255000  +5          00000011 
     257000  +5          00000110 
     259000  +5          00001010 
     261000  +5          00001101 
     263000  +5          00001110 
     265000  +5          00001111 
     269000  +5          00001110 
     271000  +5          00001100 
     273000  +5          00001001 
     275000  +5          00000111 
     277000  +5          00000100 
     279000  +5          00000000 
     281000  +5          00000100 
     283000  +5          00001000 
     285000  +5          00001011 
     287000  +5          00001101 
     289000  +5          00001110 
     291000  +5          00001111 
     295000  +5          00001110 
     297000  +5          00001011 
     299000  +5          00001001 
     301000  +5          00000111 
     303000  +5          00000010 
     305000  +5          00000001 
     307000  +5          00000100 
     309000  +5          00001000 
     311000  +5          00001011 
     313000  +5          00001101 
     315000  +5          00001110 
     317000  +5          00001111 
     319000  +5          00001110 
     321000  +5          00001100 
     323000  +5          00001010 
     325000  +5          00000111 
     327000  +5          00000100 
     329000  +5          00000001 
     331000  +5          00000011 
     333000  +5          00000110 
     335000  +5          00001010 
     337000  +5          00001101 
     339000  +5          00001110 
     341000  +5          00001111 
     343000  +5          00001110 
     345000  +5          00001100 
     347000  +5          00001001 
     349000  +5          00000111 
     351000  +5          00000100 
     353000  +5          00000000 
     355000  +5          00000011 
     357000  +5          00000111 
     359000  +5          00001011 
     361000  +5          00001101 
     363000  +5          00001110 
     365000  +5          00001111 
     369000  +5          00001110 
     371000  +5          00001100 
     373000  +5          00001010 
     375000  +5          00001000 
     377000  +5          00000101 
     379000  +5          00000010 
     381000  +5          00000000 
     383000  +5          00000100 
     385000  +5          00000111 
     387000  +5          00001011 
     389000  +5          00001101 
     391000  +5          00001110 
     393000  +5          00001111 
     397000  +5          00001101 
     399000  +5          00001010 
     401000  +5          00000111 
     403000  +5          00000100 
     405000  +5          00000000 
     407000  +5          00000011 
     409000  +5          00000110 
     411000  +5          00001000 
     413000  +5          00001011 
     415000  +5          00001101 
     417000  +5          00001111 
     421000  +5          00001110 
     423000  +5          00001101 
     425000  +5          00001011 
     427000  +5          00001001 
     429000  +5          00000111 
     431000  +5          00000010 
     433000  +5          00000001 
     435000  +5          00000110 
     437000  +5          00001010 
     439000  +5          00001100 
     441000  +5          00001101 
     443000  +5          00001110 
     445000  +5          00001111 
     449000  +5          00001110 
     451000  +5          00001101 
     453000  +5          00001011 
     455000  +5          00001001 
     457000  +5          00000101 
     459000  +5          00000010 
     461000  +5          00000001 
     463000  +5          00000100 
     465000  +5          00001000 
     467000  +5          00001100 
     469000  +5          00001101 
     471000  +5          00001110 
     473000  +5          00001111 
     477000  +5          00001110 
     479000  +5          00001100 
     481000  +5          00001001 
     483000  +5          00000111 
     485000  +5          00000100 
     487000  +5          00000000 
     489000  +5          00000011 
     491000  +5          00000111 
     493000  +5          00001010 
     495000  +5          00001101 
     497000  +5          00001110 
     499000  +5          00001111 
     501000  +5          00001110 
     503000  +5          00001101 
     505000  +5          00001010 
     507000  +5          00000111 
     509000  +5          00000100 
     511000  +5          00000001 
     515000  +5          00000110 
     517000  +5          00001000 
     519000  +5          00001011 
     521000  +5          00001101 
     523000  +5          00001111 
     527000  +5          00001110 
     529000  +5          00001101 
     531000  +5          00001011 
     533000  +5          00001000 
     535000  +5          00000101 
     537000  +5          00000010 
     539000  +5          00000000 
     541000  +5          00000011 
     543000  +5          00000110 
     545000  +5          00001000 
     547000  +5          00001100 
     549000  +5          00001101 
     551000  +5          00001110 
     553000  +5          00001111 
     557000  +5          00001110 
     559000  +5          00001011 
     561000  +5          00001001 
     563000  +5          00000111 
     565000  +5          00000100 
     567000  +5          00000000 
     569000  +5          00000100 
     571000  +5          00001000 
     573000  +5          00001011 
     575000  +5          00001101 
     577000  +5          00001110 
     579000  +5          00001111 
     583000  +5          00001110 
     585000  +5          00001100 
     587000  +5          00001010 
     589000  +5          00001000 
     591000  +5          00000100 
     593000  +5          00000001 
     595000  +5          00000011 
     597000  +5          00000110 
     599000  +5          00001010 
     601000  +5          00001100 
     603000  +5          00001110 
     605000  +5          00001111 
     609000  +5          00001110 
     611000  +5          00001100 
     613000  +5          00001001 
     615000  +5          00000101 
     617000  +5          00000001 
     619000  +5          00000011 
     621000  +5          00000111 
     623000  +5          00001010 
     625000  +5          00001100 
     627000  +5          00001110 
     629000  +5          00001111 
     633000  +5          00001110 
     635000  +5          00001101 
     637000  +5          00001010 
     639000  +5          00001000 
     641000  +5          00000100 
     643000  +5          00000001 
     647000  +5          00000110 
     649000  +5          00001000 
     651000  +5          00001011 
     653000  +5          00001101 
     655000  +5          00001111 
     659000  +5          00001110 
     661000  +5          00001100 
     663000  +5          00001010 
     665000  +5          00000111 
     667000  +5          00000010 
     669000  +5          00000001 
     671000  +5          00000110 
     673000  +5          00001010 
     675000  +5          00001100 
     677000  +5          00001110 
     679000  +5          00001111 
     683000  +5          00001110 
     685000  +5          00001100 
     687000  +5          00001001 
     689000  +5          00000111 
     691000  +5          00000010 
     693000  +5          00000000 
     695000  +5          00000011 
     697000  +5          00000111 
     699000  +5          00001011 
     701000  +5          00001101 
     703000  +5          00001110 
     705000  +5          00001111 
     709000  +5          00001110 
     711000  +5          00001011 
     713000  +5          00001001 
     715000  +5          00000111 
     717000  +5          00000100 
     719000  +5          00000000 
     721000  +5          00000100 
     723000  +5          00000111 
     725000  +5          00001011 
     727000  +5          00001101 
     729000  +5          00001110 
     731000  +5          00001111 
     735000  +5          00001101 
     737000  +5          00001011 
     739000  +5          00001001 
     741000  +5          00000101 
     743000  +5          00000010 
     745000  +5          00000001 
     747000  +5          00000100 
     749000  +5          00001000 
     751000  +5          00001011 
     753000  +5          00001101 
     755000  +5          00001110 
     757000  +5          00001111 
     761000  +5          00001110 
     763000  +5          00001011 
     765000  +5          00001001 
     767000  +5          00000101 
     769000  +5          00000010 
     771000  +5          00000000 
     773000  +5          00000011 
     775000  +5          00000110 
     777000  +5          00001000 
     779000  +5          00001011 
     781000  +5          00001101 
     783000  +5          00001110 
     785000  +5          00001111 
     789000  +5          00001101 
     791000  +5          00001011 
     793000  +5          00001001 
     795000  +5          00000111 
     797000  +5          00000010 
     799000  +5          00000001 
     801000  +5          00000110 
     803000  +5          00001010 
     805000  +5          00001100 
     807000  +5          00001110 
     809000  +5          00001111 
     813000  +5          00001101 
     815000  +5          00001010 
     817000  +5          00001000 
     819000  +5          00000100 
     821000  +5          00000001 
     825000  +5          00000110 
     827000  +5          00001010 
     829000  +5          00001100 
     831000  +5          00001101 
     833000  +5          00001110 
     835000  +5          00001111 
     839000  +5          00001110 
     841000  +5          00001011 
     843000  +5          00001000 
     845000  +5          00000100 
     847000  +5          00000000 
     849000  +5          00000011 
     851000  +5          00000110 
     853000  +5          00001000 
     855000  +5          00001100 
     857000  +5          00001110 
     859000  +5          00001111 
     863000  +5          00001101 
     865000  +5          00001011 
     867000  +5          00001001 
     869000  +5          00000111 
     871000  +5          00000100 
     873000  +5          00000000 
     875000  +5          00000100 
     877000  +5          00001000 
     879000  +5          00001100 
     881000  +5          00001110 
     883000  +5          00001111 
     887000  +5          00001101 
     889000  +5          00001010 
     891000  +5          00001000 
     893000  +5          00000100 
     895000  +5          00000001 
     897000  +5          00000011 
     899000  +5          00000110 
     901000  +5          00001000 
     903000  +5          00001100 
     905000  +5          00001110 
     907000  +5          00001111 
     911000  +5          00001110 
     913000  +5          00001011 
     915000  +5          00001001 
     917000  +5          00000101 
     919000  +5          00000001 
     923000  +5          00000110 
     925000  +5          00001000 
     927000  +5          00001100 
     929000  +5          00001101 
     931000  +5          00001110 
     933000  +5          00001111 
     937000  +5          00001110 
     939000  +5          00001100 
     941000  +5          00001010 
     943000  +5          00000111 
     945000  +5          00000010 
     947000  +5          00000001 
     949000  +5          00000100 
     951000  +5          00001000 
     953000  +5          00001100 
     955000  +5          00001101 
     957000  +5          00001110 
     959000  +5          00001111 
     963000  +5          00001101 
     965000  +5          00001010 
     967000  +5          00001000 
     969000  +5          00000100 
     971000  +5          00000000 
     973000  +5          00000100 
     975000  +5          00001000 
     977000  +5          00001100 
     979000  +5          00001110 
     981000  +5          00001111 
     985000  +5          00001110 
     987000  +5          00001100 
     989000  +5          00001001 
     991000  +5          00000101 
     993000  +5          00000010 
     995000  +5          00000001 
     997000  +5          00000110 
     999000  +5          00001010 
